ID1111 seccion: 2 INGLES prof. Yris Casart-Sartenejas
1910346
2010002
2010003
2010004
2010005
2010008
2010011
2010012
2010013
2010014
2010015
2010016
2010017
2010018
2010019
2010021
2010022
2010023
2010024
2010025
2010026
2010027
2010028
2010030
2010032
2010034
2010035
2010037
2010038
2010039
2010040
2010041
2010042
2010043
2010044
2010045
2010046
2010047
2010050
2010051
2010052
2010053
2010054
2010055
2010058
2010059
2010060
2010061
2010062
2010063
2010066
2010067
2010068
2010070
2010071
2010072
2010073
2010074
2010076
2010078
2010079
2010080
2010081
2010085
2010086
2010029
