FS2212 seccion: 1 FISICA IV prof. STTIWUER DIAZ-Sartenejas
1210177
1210633
1211527
1410091
1410190
1410449
1410452
1411042
1511121
1610013
1610096
1610818
1710028
1710035
1710517
1810295
1910078
1910113
0639311
1110701
1210936
1310024
1410018
1410283
1410447
1410549
1410838
1410910
1411078
1510014
1510118
1510271
1510600
1510697
1511123
1511151
1511337
1511412
1511644
1600289
1610187
1610194
1610252
1610315
1610479
1610529
1610891
1610962
1611020
1611115
1611132
1611136
1611150
1611163
1611232
1611339
1710196
1710251
1710615
1710636
1810115
1810203
1810346
1810473
1810526
1810613
1810858
1810921
1810929
